0 0 0 10 10
0 frame1 17.2 0.4 0.801818 17.6 2.0 0.863498 16.8 2.4 0.835885 16.0 4.4 0.704788 16.4 6.8 0.672712 19.6 1.6 0.880013 20.2 4.0 0.803995 20.6 6.8 0.817342 17.2 7.2 0.896262 17.6 11.4 0.741828 17.6 15.4 0.649847 19.6 7.2 0.924708 19.4 11.0 0.775544 19.2 15.4 0.671193 16.8 0.0 0.780535 17.6 0.4 0.751002 16.8 0.4 0.559161 18.8 0.4 0.603368 
0 frame2 33.4 0.0 0.79564 33.8 2.0 0.865203 33.4 2.0 0.796822 33.0 4.0 0.625198 33.0 6.4 0.553877 35.8 2.0 0.800313 36.2 3.6 0.765899 36.6 6.4 0.78079 33.4 6.8 0.873563 33.8 10.6 0.73571 33.8 14.6 0.611729 35.8 6.8 0.860162 35.4 10.6 0.729831 35.8 14.6 0.585753 33.4 0.0 0.749555 33.4 0.0 0.749208 33.4 0.0 0.496564 33.8 0.0 0.554254 
0 frame3 51.4 0.0 0.835427 52.2 2.4 0.906558 51.4 2.4 0.792141 49.4 4.8 0.651806 49.0 6.8 0.679294 53.0 2.0 0.828566 54.6 4.4 0.789262 55.0 6.8 0.789721 51.8 7.2 0.87907 51.8 11.8 0.810194 52.2 15.4 0.719452 53.0 7.2 0.857381 52.6 11.8 0.823136 53.0 15.8 0.76295 51.0 0.0 0.530854 51.8 0.0 0.8779 52.2 0.4 0.118035 52.2 0.0 0.938101 
0 frame4 65.8 0.0 0.833039 67.8 2.8 0.914445 67.0 2.8 0.790204 65.4 4.8 0.535392 65.0 7.2 0.536078 68.2 2.4 0.878905 68.6 4.4 0.819601 68.2 7.2 0.774168 67.4 7.2 0.845322 65.8 11.4 0.821973 67.0 15.8 0.752094 68.2 7.2 0.838661 68.2 11.4 0.812098 68.6 15.8 0.761103 65.8 0.0 0.459099 66.6 0.0 0.837535 67.8 0.4 0.0579727 67.8 0.0 0.945185 
0 frame5 84.4 0.4 0.835351 86.4 3.2 0.875633 84.4 3.2 0.82186 84.0 5.6 0.608622 84.0 7.6 0.566144 86.8 2.8 0.879663 87.6 4.4 0.827327 87.2 6.8 0.833703 85.2 7.8 0.784949 84.4 12.2 0.841027 84.0 15.8 0.830255 87.2 7.8 0.830804 87.2 12.6 0.850353 88.4 15.8 0.72717 84.0 0.0 0.673674 84.4 0.4 0.826528 86.0 0.4 0.120198 86.4 0.4 0.798386 
0 frame6 103.0 0.4 0.831192 103.8 2.8 0.917584 103.4 2.8 0.845028 103.0 6.0 0.488313 103.0 7.4 0.43519 105.4 2.8 0.881012 106.2 5.2 0.801327 105.4 7.2 0.745678 103.8 7.8 0.793482 103.0 12.2 0.806998 103.0 15.8 0.684415 105.8 7.8 0.825874 106.2 12.2 0.877091 106.6 15.4 0.708863 103.0 0.0 0.608948 103.4 0.0 0.877894 103.4 1.2 0.0833783 103.8 0.4 0.8025 
0 frame7 120.8 0.4 0.828799 121.6 2.8 0.973637 120.8 2.8 0.847372 119.4 6.0 0.558287 119.0 7.8 0.472973 122.4 2.8 0.86412 123.6 5.2 0.807335 122.4 7.4 0.755539 121.2 8.2 0.810853 120.8 12.2 0.825525 120.8 16.2 0.747297 122.4 8.2 0.798534 123.2 12.2 0.822264 124.4 15.4 0.753147 120.4 0.0 0.619789 121.2 0.0 0.884143 121.2 0.8 0.1306 121.6 0.0 0.874011 
0 frame8 139.2 0.4 0.776173 141.0 2.8 0.96151 139.8 2.8 0.830665 138.8 5.6 0.592026 138.0 7.6 0.606995 141.4 2.8 0.915027 142.2 5.2 0.815595 141.8 7.8 0.751243 140.2 8.2 0.797446 140.2 12.2 0.807316 141.0 15.8 0.749523 141.4 8.2 0.847385 141.0 12.2 0.867799 141.8 15.8 0.755668 138.8 0.0 0.527362 139.8 0.4 0.808801 141.0 0.8 0.0976845 141.0 0.4 0.903995 
0 frame9 273.6 42.6 0.764412 275.0 45.0 0.914971 274.0 45.0 0.850691 273.6 47.8 0.561698 273.2 49.8 0.543498 276.2 45.0 0.936736 276.6 47.4 0.796429 276.2 50.0 0.790854 274.6 50.4 0.779297 274.6 54.4 0.792843 275.8 58.2 0.731712 276.2 50.4 0.825775 275.8 54.4 0.827737 276.2 58.4 0.781929 273.6 42.2 0.495671 273.6 42.6 0.819775 
0 frame10 170.0 0.4 0.807533 170.4 1.6 0.899928 168.4 1.6 0.843355 168.0 4.4 0.720421 168.0 6.8 0.688285 171.6 1.6 0.904308 172.2 4.0 0.77389 172.6 6.8 0.73712 169.2 7.2 0.861893 170.0 11.0 0.729831 170.8 15.0 0.641339 171.2 7.2 0.926587 171.2 10.6 0.820545 171.2 15.4 0.722727 169.2 0.0 0.740042 170.4 0.0 0.80423 168.4 0.4 0.466562 171.2 0.4 0.722592 
1 frame1 1.2 13.4 0.801818 1.6 15.0 0.863498 0.8 15.4 0.835885 0.0 17.4 0.704788 0.4 19.8 0.672712 3.6 14.6 0.880013 4.2 17.0 0.803995 4.6 19.8 0.817342 1.2 20.2 0.896262 1.6 24.4 0.741828 1.6 28.4 0.649847 3.6 20.2 0.924708 3.4 24.0 0.775544 3.2 28.4 0.671193 0.8 13.0 0.780535 1.6 13.4 0.751002 0.8 13.4 0.559161 2.8 13.4 0.603368 
1 frame2 0.4 26.0 0.79564 0.8 28.0 0.865203 0.4 28.0 0.796822 0.0 30.0 0.625198 0.0 32.4 0.553877 2.8 28.0 0.800313 3.2 29.6 0.765899 3.6 32.4 0.78079 0.4 32.8 0.873563 0.8 36.6 0.73571 0.8 40.6 0.611729 2.8 32.8 0.860162 2.4 36.6 0.729831 2.8 40.6 0.585753 0.4 26.0 0.749555 0.4 26.0 0.749208 0.4 26.0 0.496564 0.8 26.0 0.554254 
1 frame3 2.4 42.0 0.835427 3.2 44.4 0.906558 2.4 44.4 0.792141 0.4 46.8 0.651806 0.0 48.8 0.679294 4.0 44.0 0.828566 5.6 46.4 0.789262 6.0 48.8 0.789721 2.8 49.2 0.87907 2.8 53.8 0.810194 3.2 57.4 0.719452 4.0 49.2 0.857381 3.6 53.8 0.823136 4.0 57.8 0.76295 2.0 42.0 0.530854 2.8 42.0 0.8779 3.2 42.4 0.118035 3.2 42.0 0.938101 
1 frame4 0.8 54.0 0.833039 2.8 56.8 0.914445 2.0 56.8 0.790204 0.4 58.8 0.535392 0.0 61.2 0.536078 3.2 56.4 0.878905 3.6 58.4 0.819601 3.2 61.2 0.774168 2.4 61.2 0.845322 0.8 65.4 0.821973 2.0 69.8 0.752094 3.2 61.2 0.838661 3.2 65.4 0.812098 3.6 69.8 0.761103 0.8 54.0 0.459099 1.6 54.0 0.837535 2.8 54.4 0.0579727 2.8 54.0 0.945185 
1 frame5 0.4 70.4 0.835351 2.4 73.2 0.875633 0.4 73.2 0.82186 0.0 75.6 0.608622 0.0 77.6 0.566144 2.8 72.8 0.879663 3.6 74.4 0.827327 3.2 76.8 0.833703 1.2 77.8 0.784949 0.4 82.2 0.841027 0.0 85.8 0.830255 3.2 77.8 0.830804 3.2 82.6 0.850353 4.4 85.8 0.72717 0.0 70.0 0.673674 0.4 70.4 0.826528 2.0 70.4 0.120198 2.4 70.4 0.798386 
1 frame6 0.0 84.4 0.831192 0.8 86.8 0.917584 0.4 86.8 0.845028 0.0 90.0 0.488313 0.0 91.4 0.43519 2.4 86.8 0.881012 3.2 89.2 0.801327 2.4 91.2 0.745678 0.8 91.8 0.793482 0.0 96.2 0.806998 0.0 99.8 0.684415 2.8 91.8 0.825874 3.2 96.2 0.877091 3.6 99.4 0.708863 0.0 84.0 0.608948 0.4 84.0 0.877894 0.4 85.2 0.0833783 0.8 84.4 0.8025 
1 frame7 1.8 104.4 0.828799 2.6 106.8 0.973637 1.8 106.8 0.847372 0.4 110.0 0.558287 0.0 111.8 0.472973 3.4 106.8 0.86412 4.6 109.2 0.807335 3.4 111.4 0.755539 2.2 112.2 0.810853 1.8 116.2 0.825525 1.8 120.2 0.747297 3.4 112.2 0.798534 4.2 116.2 0.822264 5.4 119.4 0.753147 1.4 104.0 0.619789 2.2 104.0 0.884143 2.2 104.8 0.1306 2.6 104.0 0.874011 
1 frame8 1.2 118.4 0.776173 3.0 120.8 0.96151 1.8 120.8 0.830665 0.8 123.6 0.592026 0.0 125.6 0.606995 3.4 120.8 0.915027 4.2 123.2 0.815595 3.8 125.8 0.751243 2.2 126.2 0.797446 2.2 130.2 0.807316 3.0 133.8 0.749523 3.4 126.2 0.847385 3.0 130.2 0.867799 3.8 133.8 0.755668 0.8 118.0 0.527362 1.8 118.4 0.808801 3.0 118.8 0.0976845 3.0 118.4 0.903995 
1 frame9 120.6 179.6 0.764412 122.0 182.0 0.914971 121.0 182.0 0.850691 120.6 184.8 0.561698 120.2 186.8 0.543498 123.2 182.0 0.936736 123.6 184.4 0.796429 123.2 187.0 0.790854 121.6 187.4 0.779297 121.6 191.4 0.792843 122.8 195.2 0.731712 123.2 187.4 0.825775 122.8 191.4 0.827737 123.2 195.4 0.781929 120.6 179.2 0.495671 120.6 179.6 0.819775 
1 frame10 2.0 153.4 0.807533 2.4 154.6 0.899928 0.4 154.6 0.843355 0.0 157.4 0.720421 0.0 159.8 0.688285 3.6 154.6 0.904308 4.2 157.0 0.77389 4.6 159.8 0.73712 1.2 160.2 0.861893 2.0 164.0 0.729831 2.8 168.0 0.641339 3.2 160.2 0.926587 3.2 163.6 0.820545 3.2 168.4 0.722727 1.2 153.0 0.740042 2.4 153.0 0.80423 0.4 153.4 0.466562 3.2 153.4 0.722592 
2 frame1 16.2 15.4 0.801818 16.6 17.0 0.863498 15.8 17.4 0.835885 15.0 19.4 0.704788 15.4 21.8 0.672712 18.6 16.6 0.880013 19.2 19.0 0.803995 19.6 21.8 0.817342 16.2 22.2 0.896262 16.6 26.4 0.741828 16.6 30.4 0.649847 18.6 22.2 0.924708 18.4 26.0 0.775544 18.2 30.4 0.671193 15.8 15.0 0.780535 16.6 15.4 0.751002 15.8 15.4 0.559161 17.8 15.4 0.603368 
2 frame2 35.4 35.0 0.79564 35.8 37.0 0.865203 35.4 37.0 0.796822 35.0 39.0 0.625198 35.0 41.4 0.553877 37.8 37.0 0.800313 38.2 38.6 0.765899 38.6 41.4 0.78079 35.4 41.8 0.873563 35.8 45.6 0.73571 35.8 49.6 0.611729 37.8 41.8 0.860162 37.4 45.6 0.729831 37.8 49.6 0.585753 35.4 35.0 0.749555 35.4 35.0 0.749208 35.4 35.0 0.496564 35.8 35.0 0.554254 
2 frame3 55.4 53.0 0.835427 56.2 55.4 0.906558 55.4 55.4 0.792141 53.4 57.8 0.651806 53.0 59.8 0.679294 57.0 55.0 0.828566 58.6 57.4 0.789262 59.0 59.8 0.789721 55.8 60.2 0.87907 55.8 64.8 0.810194 56.2 68.4 0.719452 57.0 60.2 0.857381 56.6 64.8 0.823136 57.0 68.8 0.76295 55.0 53.0 0.530854 55.8 53.0 0.8779 56.2 53.4 0.118035 56.2 53.0 0.938101 
2 frame4 71.8 71.0 0.833039 73.8 73.8 0.914445 73.0 73.8 0.790204 71.4 75.8 0.535392 71.0 78.2 0.536078 74.2 73.4 0.878905 74.6 75.4 0.819601 74.2 78.2 0.774168 73.4 78.2 0.845322 71.8 82.4 0.821973 73.0 86.8 0.752094 74.2 78.2 0.838661 74.2 82.4 0.812098 74.6 86.8 0.761103 71.8 71.0 0.459099 72.6 71.0 0.837535 73.8 71.4 0.0579727 73.8 71.0 0.945185 
2 frame5 86.4 86.4 0.835351 88.4 89.2 0.875633 86.4 89.2 0.82186 86.0 91.6 0.608622 86.0 93.6 0.566144 88.8 88.8 0.879663 89.6 90.4 0.827327 89.2 92.8 0.833703 87.2 93.8 0.784949 86.4 98.2 0.841027 86.0 101.8 0.830255 89.2 93.8 0.830804 89.2 98.6 0.850353 90.4 101.8 0.72717 86.0 86.0 0.673674 86.4 86.4 0.826528 88.0 86.4 0.120198 88.4 86.4 0.798386 
2 frame6 103.0 103.4 0.831192 103.8 105.8 0.917584 103.4 105.8 0.845028 103.0 109.0 0.488313 103.0 110.4 0.43519 105.4 105.8 0.881012 106.2 108.2 0.801327 105.4 110.2 0.745678 103.8 110.8 0.793482 103.0 115.2 0.806998 103.0 118.8 0.684415 105.8 110.8 0.825874 106.2 115.2 0.877091 106.6 118.4 0.708863 103.0 103.0 0.608948 103.4 103.0 0.877894 103.4 104.2 0.0833783 103.8 103.4 0.8025 
2 frame7 125.8 124.4 0.828799 126.6 126.8 0.973637 125.8 126.8 0.847372 124.4 130.0 0.558287 124.0 131.8 0.472973 127.4 126.8 0.86412 128.6 129.2 0.807335 127.4 131.4 0.755539 126.2 132.2 0.810853 125.8 136.2 0.825525 125.8 140.2 0.747297 127.4 132.2 0.798534 128.2 136.2 0.822264 129.4 139.4 0.753147 125.4 124.0 0.619789 126.2 124.0 0.884143 126.2 124.8 0.1306 126.6 124.0 0.874011 
2 frame8 145.2 144.4 0.776173 147.0 146.8 0.96151 145.8 146.8 0.830665 144.8 149.6 0.592026 144.0 151.6 0.606995 147.4 146.8 0.915027 148.2 149.2 0.815595 147.8 151.8 0.751243 146.2 152.2 0.797446 146.2 156.2 0.807316 147.0 159.8 0.749523 147.4 152.2 0.847385 147.0 156.2 0.867799 147.8 159.8 0.755668 144.8 144.0 0.527362 145.8 144.4 0.808801 147.0 144.8 0.0976845 147.0 144.4 0.903995 
2 frame9 283.6 205.6 0.764412 285.0 208.0 0.914971 284.0 208.0 0.850691 283.6 210.8 0.561698 283.2 212.8 0.543498 286.2 208.0 0.936736 286.6 210.4 0.796429 286.2 213.0 0.790854 284.6 213.4 0.779297 284.6 217.4 0.792843 285.8 221.2 0.731712 286.2 213.4 0.825775 285.8 217.4 0.827737 286.2 221.4 0.781929 283.6 205.2 0.495671 283.6 205.6 0.819775 
2 frame10 181.0 179.4 0.807533 181.4 180.6 0.899928 179.4 180.6 0.843355 179.0 183.4 0.720421 179.0 185.8 0.688285 182.6 180.6 0.904308 183.2 183.0 0.77389 183.6 185.8 0.73712 180.2 186.2 0.861893 181.0 190.0 0.729831 181.8 194.0 0.641339 182.2 186.2 0.926587 182.2 189.6 0.820545 182.2 194.4 0.722727 180.2 179.0 0.740042 181.4 179.0 0.80423 179.4 179.4 0.466562 182.2 179.4 0.722592 
