16.0 1.625 16.0 81.125 -6.717514 11.048543 9.545942 89.81631 -23.5 14.0 -0.5 91.0 
33.0 1.125 33.0 81.125 6.717514 24.130019 22.98097 103.251339 -23.5 24.0 -0.5 101.0 
53.0 0.625 53.0 76.625 20.85965 34.383067 33.587572 109.504388 -18.5 41.0 -0.5 114.0 
64.0 2.625 64.0 84.125 19.445436 42.868349 40.65864 123.636116 -30.5 55.0 -0.5 134.0 
79.0 1.125 79.0 83.625 41.365747 55.242717 54.093669 136.717591 -18.5 67.0 -0.5 146.0 
93.0 0.125 93.0 84.625 51.265242 67.263533 66.821591 150.15262 -22.5 85.0 -0.5 164.0 
108.0 0.125 108.0 81.625 64.70027 77.870134 77.428193 158.052115 -18.5 99.0 -0.5 178.0 
123.0 1.875 123.0 83.875 71.771338 92.5426 90.863221 173.896153 -27.5 109.0 -0.5 190.0 
134.0 1.125 134.0 83.875 89.449008 105.447299 104.29825 187.098949 -21.5 121.0 -0.5 200.0 
100000 100000 -1 -1 100000 100000 -1 -1 100000 100000 -1 -1 
140.452023 11.863952 140.452023 91.363952 86.347139 106.182755 102.610595 184.950522 -19.592689 124.794951 3.407311 201.794951 
158.452023 11.363952 158.452023 91.363952 96.246634 115.728696 112.51009 194.850017 -19.592689 139.794951 3.407311 216.794951 
170.452023 10.863952 170.452023 86.863952 113.217197 128.810172 125.945119 203.931492 -14.592689 158.794951 3.407311 231.794951 
183.452023 12.863952 183.452023 94.363952 113.924303 139.416774 135.137507 220.18454 -26.592689 175.794951 3.407311 254.794951 
203.452023 11.363952 203.452023 93.863952 131.601973 147.548502 144.329895 229.023375 -14.592689 185.794951 3.407311 264.794951 
217.452023 10.363952 217.452023 94.863952 140.087254 158.155103 155.643604 241.044191 -18.592689 195.794951 3.407311 274.794951 
231.452023 10.363952 231.452023 91.863952 151.400963 166.640385 164.128885 246.822365 -14.592689 213.794951 3.407311 292.794951 
245.452023 12.113952 245.452023 94.113952 152.10807 174.948889 171.199953 256.302443 -23.592689 230.794951 3.407311 311.794951 
265.452023 11.363952 265.452023 94.113952 169.785739 187.853588 184.634982 269.505238 -17.592689 245.794951 3.407311 324.794951 
100000 100000 -1 -1 100000 100000 -1 -1 100000 100000 -1 -1 
284.954974 -3.939062 284.954974 75.560938 176.576161 180.595413 192.839617 259.36318 -9.889731 259.375733 13.110269 336.375733 
298.954974 -4.439062 298.954974 75.560938 188.596976 192.262675 204.860432 271.383995 -9.889731 269.375733 13.110269 346.375733 
314.954974 -4.939062 314.954974 71.060938 199.910685 199.687296 212.638607 274.808616 -4.889731 284.375733 13.110269 357.375733 
329.954974 -2.939062 329.954974 78.560938 204.860432 214.536539 226.073636 295.304305 -16.889731 301.375733 13.110269 380.375733 
343.954974 -4.439062 343.954974 78.060938 221.123888 221.254053 233.85181 302.728927 -4.889731 321.375733 13.110269 400.375733 
363.954974 -5.439062 363.954974 79.060938 230.316276 232.567761 245.872625 315.456849 -8.889731 335.375733 13.110269 414.375733 
378.954974 -5.439062 378.954974 76.060938 240.215771 239.638829 252.943693 319.82081 -4.889731 350.375733 13.110269 429.375733 
389.954974 -3.689062 389.954974 78.310938 243.751305 250.775761 262.843188 332.129314 -13.889731 364.375733 13.110269 445.375733 
404.954974 -4.439062 404.954974 78.310938 261.428975 263.68046 276.278217 345.33211 -7.889731 374.375733 13.110269 453.375733 
100000 100000 -1 -1 100000 100000 -1 -1 100000 100000 -1 -1 
400.994012 -14.537447 400.994012 64.962553 262.703723 285.93385 278.967179 364.701617 1.89227 380.881695 24.89227 457.881695 
414.994012 -15.037447 414.994012 64.962553 274.724538 297.601112 290.987994 376.722433 1.89227 392.881695 24.89227 469.881695 
428.994012 -15.537447 428.994012 60.462553 290.987994 309.975481 303.715916 385.096801 6.89227 410.881695 24.89227 483.881695 
446.994012 -13.537447 446.994012 67.962553 291.695101 320.582083 312.908304 401.34985 -5.10773 428.881695 24.89227 507.881695 
466.994012 -15.037447 466.994012 67.462553 309.372771 328.713811 322.100693 410.188684 6.89227 448.881695 24.89227 527.881695 
479.994012 -16.037447 479.994012 68.462553 319.979372 341.441733 335.535721 424.33082 2.89227 463.881695 24.89227 542.881695 
491.994012 -16.037447 491.994012 65.462553 335.535721 354.169655 348.263644 434.351635 6.89227 475.881695 24.89227 554.881695 
508.994012 -14.287447 508.994012 67.712553 336.949935 363.185266 356.041818 444.53882 -2.10773 495.881695 24.89227 576.881695 
528.994012 -15.037447 528.994012 67.712553 353.213391 374.675751 368.062633 456.327402 3.89227 509.881695 24.89227 588.881695 
100000 100000 -1 -1 100000 100000 -1 -1 100000 100000 -1 -1 
533.601708 -20.537447 533.601708 58.962553 373.330558 383.95995 389.594014 462.727717 13.039442 531.918654 36.039442 608.918654 
549.601708 -21.037447 549.601708 58.962553 387.472694 397.748532 403.736149 476.869853 13.039442 547.918654 36.039442 624.918654 
559.601708 -21.537447 559.601708 54.462553 405.150363 411.537115 417.878285 486.658435 18.039442 558.918654 36.039442 631.918654 
572.601708 -19.537447 572.601708 61.962553 404.443256 420.729503 425.65646 501.49727 6.039442 577.918654 36.039442 656.918654 
584.601708 -21.037447 584.601708 61.462553 424.949353 431.689658 437.677275 513.164532 18.039442 587.918654 36.039442 666.918654 
598.601708 -22.037447 598.601708 62.462553 433.434634 442.29626 448.990983 525.185347 14.039442 606.918654 36.039442 685.918654 
611.601708 -22.037447 611.601708 59.462553 448.990983 455.024182 461.718906 535.206162 18.039442 625.918654 36.039442 704.918654 
625.601708 -20.287447 625.601708 61.712553 451.112304 464.7469 470.204187 546.100453 9.039442 636.918654 36.039442 717.918654 
643.601708 -21.037447 643.601708 61.712553 464.547333 473.408958 479.396575 555.060608 15.039442 656.918654 36.039442 735.918654 
100000 100000 -1 -1 100000 100000 -1 -1 100000 100000 -1 -1 
657.730957 -5.012715 657.730957 74.487285 466.456477 499.434705 482.719933 578.202472 24.848505 680.503427 47.848505 757.503427 
669.730957 -5.512715 669.730957 74.487285 474.234652 506.859327 490.498108 585.980647 24.848505 691.503427 47.848505 768.503427 
688.730957 -6.012715 688.730957 69.987285 491.205214 519.940802 503.933137 595.062122 29.848505 705.503427 47.848505 778.503427 
705.730957 -4.012715 705.730957 77.487285 496.154962 534.790044 517.368165 615.557811 17.848505 721.503427 47.848505 800.503427 
715.730957 -5.512715 715.730957 76.987285 511.711311 540.800452 524.439233 622.275326 29.848505 741.503427 47.848505 820.503427 
725.730957 -6.512715 725.730957 77.987285 517.368165 548.578627 532.924515 631.467714 25.848505 755.503427 47.848505 834.503427 
745.730957 -6.512715 745.730957 74.987285 527.26766 555.649694 539.995582 635.831675 29.848505 772.503427 47.848505 851.503427 
761.730957 -4.762715 761.730957 77.237285 528.681874 564.665306 547.773757 646.018859 20.848505 782.503427 47.848505 863.503427 
775.730957 -5.512715 775.730957 77.237285 546.359543 577.570005 561.208786 659.221655 26.848505 797.503427 47.848505 876.503427 
100000 100000 -1 -1 100000 100000 -1 -1 100000 100000 -1 -1 
772.412441 -10.189096 772.412441 69.310904 558.407098 605.047878 574.670554 683.815645 12.291469 812.868074 35.291469 889.868074 
791.412441 -10.689096 791.412441 69.310904 566.892379 613.179606 583.155835 692.300926 12.291469 827.868074 35.291469 904.868074 
807.412441 -11.189096 807.412441 64.810904 578.206088 620.604227 590.93401 695.725547 17.291469 837.868074 35.291469 910.868074 
821.412441 -9.189096 821.412441 72.310904 583.862942 636.160576 605.076146 716.928343 5.291469 855.868074 35.291469 934.868074 
833.412441 -10.689096 833.412441 71.810904 605.783252 648.534945 618.511174 730.009818 17.291469 872.868074 35.291469 951.868074 
851.412441 -11.689096 851.412441 72.810904 616.389854 661.262867 631.946203 744.151954 13.291469 888.868074 35.291469 967.868074 
871.412441 -11.689096 871.412441 69.810904 627.703563 669.748148 640.431485 749.930129 17.291469 900.868074 35.291469 979.868074 
883.412441 -9.939096 883.412441 72.060904 631.239096 680.88508 650.33098 762.238633 8.291469 919.868074 35.291469 1000.868074 
893.412441 -10.689096 893.412441 72.060904 645.381232 690.254245 660.230475 771.905895 14.291469 939.868074 35.291469 1018.868074 
100000 100000 -1 -1 100000 100000 -1 -1 100000 100000 -1 -1 
898.341777 -18.615585 898.341777 60.884415 641.90412 713.965858 658.167576 792.733624 22.59223 938.724728 45.59223 1015.724728 
908.341777 -19.115585 908.341777 60.884415 651.096508 722.804692 667.359964 801.926013 22.59223 953.724728 45.59223 1030.724728 
918.341777 -19.615585 918.341777 56.384415 662.410217 730.229314 675.138139 805.350634 27.59223 965.724728 45.59223 1038.724728 
931.341777 -17.615585 931.341777 63.884415 662.410217 740.128808 683.62342 820.896575 15.59223 979.724728 45.59223 1058.724728 
944.341777 -19.115585 944.341777 63.384415 677.966566 746.139216 690.694488 827.61409 27.59223 989.724728 45.59223 1068.724728 
958.341777 -20.115585 958.341777 64.384415 687.158954 757.452925 702.715303 840.342012 23.59223 1008.724728 45.59223 1087.724728 
977.341777 -20.115585 977.341777 61.384415 702.715303 770.180847 715.443225 850.362827 27.59223 1025.724728 45.59223 1104.724728 
988.341777 -18.365585 988.341777 63.634415 704.836624 779.903565 723.928507 861.257118 18.59223 1042.724728 45.59223 1123.724728 
1005.341777 -19.115585 1005.341777 63.634415 723.2214 793.51537 738.070642 875.167021 24.59223 1059.724728 45.59223 1138.724728 
100000 100000 -1 -1 100000 100000 -1 -1 100000 100000 -1 -1 
1037.117781 -9.695625 1037.117781 69.804375 724.409545 792.928513 740.673001 871.69628 10.594058 1070.515299 33.594058 1147.515299 
1051.117781 -10.195625 1051.117781 69.804375 731.480613 799.646028 747.744069 878.767348 10.594058 1081.515299 33.594058 1158.515299 
1066.117781 -10.695625 1066.117781 65.304375 742.794321 807.070649 755.522243 882.191969 15.594058 1098.515299 33.594058 1171.515299 
1076.117781 -8.695625 1076.117781 72.804375 744.915642 819.091464 766.128845 899.859231 3.594058 1114.515299 33.594058 1193.515299 
1088.117781 -10.195625 1088.117781 72.304375 765.421738 830.051619 778.14966 911.526493 15.594058 1124.515299 33.594058 1203.515299 
1107.117781 -11.195625 1107.117781 73.304375 773.90702 840.658221 789.463369 923.547309 11.594058 1140.515299 33.594058 1219.515299 
1126.117781 -11.195625 1126.117781 70.304375 788.049155 851.97193 800.777077 932.15391 15.594058 1151.515299 33.594058 1230.515299 
1142.117781 -9.445625 1142.117781 72.554375 788.756262 860.280434 807.848145 941.633988 6.594058 1167.515299 33.594058 1248.515299 
1161.117781 -10.195625 1161.117781 72.554375 805.019718 871.77092 819.86896 953.42257 12.594058 1180.515299 33.594058 1259.515299 
100000 100000 -1 -1 100000 100000 -1 -1 100000 100000 -1 -1 
1156.59305 -13.566376 1156.59305 65.933624 798.775995 876.283516 815.03945 955.051283 0.257439 1191.753078 23.257439 1268.753078 
1170.59305 -14.066376 1170.59305 65.933624 811.503917 888.657885 827.767373 967.779205 0.257439 1204.753078 23.257439 1281.753078 
1180.59305 -14.566376 1180.59305 61.433624 824.938945 898.203827 837.666867 973.325147 5.257439 1222.753078 23.257439 1295.753078 
1197.59305 -12.566376 1197.59305 68.933624 824.231839 907.396215 845.445042 988.163982 -6.742561 1235.753078 23.257439 1314.753078 
1208.59305 -14.066376 1208.59305 68.433624 841.202401 914.820836 853.930323 996.29571 5.257439 1247.753078 23.257439 1326.753078 
1223.59305 -15.066376 1223.59305 69.433624 851.101896 926.841651 866.658246 1009.730739 1.257439 1261.753078 23.257439 1340.753078 
1237.59305 -15.066376 1237.59305 66.433624 864.536925 937.448253 877.264847 1017.630234 5.257439 1271.753078 23.257439 1350.753078 
1248.59305 -13.316376 1248.59305 68.683624 865.244032 945.756758 884.335915 1027.110311 -3.742561 1289.753078 23.257439 1370.753078 
1263.59305 -14.066376 1263.59305 68.683624 881.507488 957.247243 896.35673 1038.898893 2.257439 1302.753078 23.257439 1381.753078 
100000 100000 -1 -1 100000 100000 -1 -1 100000 100000 -1 -1 
