0 0 0
790 319 0.929252
804 319 0.90246
790.0 307.0 0.075482
808 337 0.77614
808 354 0.701685
779 319 0.84052
775 337 0.886519
775 356 0.779738
800 354 0.832144
800 384 0.835996
804 413 0.862579
787 354 0.799744
787 384 0.865056
788 413 0.821953
0 0 0
0 0 0
794 303 0.437437
787 303 0.691565
# frame
777 294 0.0553178
789 311 0.874449
802 313 0.800988
806 333 0.853129
806 350 0.886328
775 313 0.809678
773 333 0.863614
773 348 0.825704
792 348 0.849981
791 378 0.843351
792 403 0.800349
781 350 0.780726
783 379 0.785832
787 405 0.780822
0 0 0
777 292 0.0630216
791 299 0.472474
783 299 0.665869
# frame
0 0 0
787 309 0.867941
798 309 0.792681
804 333 0.827726
804 350 0.788467
773 309 0.855375
769 331 0.829365
767 344 0.744005
790 350 0.869853
789 378 0.808266
788 403 0.789092
775 350 0.852658
777 378 0.857327
786 405 0.787904
0 0 0
0 0 0
790 297 0.510845
777 297 0.70474
# frame
0 0 0
783 309 0.833218
792 309 0.829235
802 333 0.779659
802 348 0.766502
773 309 0.834846
763 329 0.795633
761 340 0.748387
789 348 0.848432
788 378 0.773746
786 401 0.73853
775 348 0.856605
775 378 0.884292
781 403 0.787958
0 0 0
0 0 0
789 295 0.574472
775 295 0.719958
# frame
775 295 0.0799404
777 305 0.909871
788 305 0.90523
792 327 0.741967
790 340 0.709296
769 305 0.826699
759 323 0.885319
759 338 0.752814
785 339 0.836019
775 370 0.83051
779 399 0.719171
773 340 0.81419
773 370 0.832126
777 399 0.739672
0 0 0
773 290 0.0875951
785 290 0.523285
773 290 0.752658
# frame
769 290 0.0598784
775 303 0.923998
787 303 0.873141
790 321 0.753406
790 337 0.694375
763 303 0.809872
759 321 0.869194
757 337 0.859741
781 336 0.848662
775 366 0.876521
775 393 0.763076
771 336 0.802803
769 366 0.776012
773 393 0.703236
0 0 0
771 288 0.0703768
779 288 0.432432
771 288 0.704634
# frame
761 284 0.0711601
773 295 0.880417
786 297 0.833865
790 317 0.696552
788 334 0.524713
761 295 0.806193
757 317 0.8475
757 335 0.796394
779 333 0.837161
775 362 0.822773
773 387 0.858597
765 333 0.778221
761 358 0.825934
761 385 0.819684
0 0 0
0 0 0
775 284 0.407088
765 284 0.669584
# frame
0 0 0
771 292 0.874799
779 292 0.815357
787 315 0.619082
781 329 0.384594
759 292 0.888066
757 311 0.832245
755 333 0.770701
777 329 0.845526
773 356 0.863665
773 387 0.89882
761 331 0.814848
759 354 0.872838
757 382 0.930096
0 0 0
0 0 0
773 278 0.449463
761 280 0.640003
# frame
0 0 0
759 292 0.892665
773 291 0.858272
777 309 0.643383
775 327 0.472771
753 292 0.81787
745 311 0.764519
745 331 0.774144
773 325 0.841026
773 354 0.819595
773 383 0.927154
757 327 0.829764
757 352 0.830253
755 380 0.771118
0 0 0
0 0 0
765 276 0.456529
757 276 0.689272
# frame
0 0 0
757 290 0.948679
771 290 0.873989
775 307 0.805294
775 323 0.721131
745 290 0.868787
742 307 0.860003
742 325 0.81676
765 323 0.818633
763 352 0.834736
769 380 0.811677
751 325 0.748304
753 352 0.786293
755 380 0.745358
0 0 0
0 0 0
761 274 0.553249
753 274 0.71799 
