# Frame 1 4
# id 1
642 207 0.807533
644 213 0.899928
634 213 0.843355
632 227 0.720421
632 239 0.688285
650 213 0.904308
653 225 0.77389
655 239 0.73712
638 241 0.861893
642 260 0.729831
646 280 0.641339
648 241 0.926587
648 258 0.820545
648 282 0.722727
638 205 0.740042
644 205 0.80423
634 207 0.466562
648 207 0.722592
# id 2
820 313 0.60765
830 321 0.810976
830 321 0.734964
828 336 0.276737
833 350 0.190825
831 321 0.849084
833 335 0.714386
831 350 0.70943
835 350 0.779965
835 370 0.695576
849 387 0.567728
835 350 0.851118
830 368 0.726531
818 391 0.458972
820 307 0.118968
820 309 0.684056
0 0 0
822 311 0.761883
# id 3
337 287 0.407579
333 293 0.839306
0 0 0
0 0 0
0 0 0
333 292 0.701583
333 307 0.388988
336 321 0.296816
335 325 0.811301
339 350 0.737578
342 370 0.564492
335 323 0.766895
340 350 0.738206
342 370 0.5754
337 284 0.435541
0 0 0
335 284 0.778212
335 286 0.0940127
# id 4
0 0 0
0 0 0
334 292 0.867189
333 307 0.676387
333 325 0.698973
0 0 0
0 0 0
0 0 0
0 0 0
0 0 0
0 0 0
0 0 0
0 0 0
0 0 0
0 0 0
0 0 0
335 284 0.778212
0 0 0

# frame 2 3
# id 1
636 209 0.801818
638 217 0.863498
634 219 0.835885
630 229 0.704788
632 241 0.672712
648 215 0.880013
651 227 0.803995
653 241 0.817342
636 243 0.896262
638 264 0.741828
638 284 0.649847
648 243 0.924708
647 262 0.775544
646 284 0.671193
634 207 0.780535
638 209 0.751002
634 209 0.559161
644 209 0.603368
# id 2
806 317 0.757752
820 323 0.857461
818 323 0.747708
818 338 0.409984
814 352 0.304851
822 321 0.900655
824 342 0.714858
824 352 0.668962
820 352 0.804237
812 374 0.714933
804 395 0.742204
828 352 0.736072
832 368 0.693908
845 385 0.702954
808 315 0.184251
806 315 0.74936
0 0 0
816 315 0.744783
# id 3
350 287 0.345157
337 293 0.864932
340 293 0.820219
340 307 0.641778
339 321 0.631725
335 292 0.797381
335 305 0.37305
336 321 0.224388
340 325 0.785399
350 348 0.649197
366 368 0.558648
337 325 0.76198
336 350 0.650018
323 376 0.533588
350 286 0.385188
0 0 0
342 284 0.717128
336 286 0.124496

# frame 3 3
# id 1
352 288 0.190105
350 295 0.891111
352 295 0.838599
358 311 0.596964
354 323 0.411363
340 293 0.766675
337 309 0.632671
337 323 0.566561
352 327 0.792189
362 348 0.67315
368 366 0.751661
342 327 0.735796
338 350 0.844533
333 372 0.703654
352 286 0.167329
0 0 0
352 284 0.720539
348 282 0.423909
# id 2
634 209 0.79564
636 219 0.865203
634 219 0.796822
632 229 0.625198
632 241 0.553877
646 219 0.800313
648 227 0.765899
650 241 0.78079
634 243 0.873563
636 262 0.73571
636 282 0.611729
646 243 0.860162
644 262 0.729831
646 282 0.585753
634 209 0.749555
634 209 0.749208
634 209 0.496564
636 209 0.554254
# id 3
798 315 0.501818
806 321 0.833576
806 321 0.751015
806 337 0.222886
810 352 0.12499
806 321 0.871144
808 337 0.682474
806 354 0.597205
814 352 0.723953
816 370 0.641524
831 384 0.464978
812 352 0.785386
806 372 0.752337
804 397 0.608337
791 305 0.0834627
800 313 0.562248
0 0 0
804 313 0.747278
# frame 4 3
# id 1
630 209 0.835427
634 221 0.906558
630 221 0.792141
620 233 0.651806
618 243 0.679294
638 219 0.828566
646 231 0.789262
648 243 0.789721
632 245 0.87907
632 268 0.810194
634 286 0.719452
638 245 0.857381
636 268 0.823136
638 288 0.76295
628 209 0.530854
632 209 0.8779
634 211 0.118035
634 209 0.938101
# id 2
370 288 0.144627
366 290 0.904502
368 290 0.900873
374 307 0.739022
378 321 0.716058
356 290 0.793535
352 305 0.548131
354 321 0.375474
368 323 0.82228
376 348 0.778638
376 368 0.747373
362 321 0.724494
362 344 0.78991
350 364 0.693207
372 278 0.166438
0 0 0
368 278 0.800005
366 274 0.228175
# id 3
775 309 0.601242
790 319 0.879605
789 319 0.776588
788 335 0.330091
788 350 0.196752
790 319 0.913476
792 335 0.72145
792 350 0.724681
791 350 0.799602
788 370 0.751471
787 395 0.72457
796 350 0.781889
798 370 0.78013
802 395 0.753041
775 305 0.127082
777 307 0.659659
0 0 0
786 309 0.734398
# frame 5 3
# id 1
383 276 0.369282
368 290 0.924046
379 290 0.89348
381 307 0.643391
384 321 0.640688
364 290 0.837002
352 305 0.700618
354 319 0.531749
378 321 0.804727
380 340 0.790866
374 366 0.754016
366 321 0.788683
370 346 0.737429
370 366 0.763246
382 274 0.431246
0 0 0
379 274 0.892493
366 274 0.184574
# id 2
622 209 0.833039
632 223 0.914445
628 223 0.790204
620 233 0.535392
618 245 0.536078
634 221 0.878905
636 231 0.819601
634 245 0.774168
630 245 0.845322
622 266 0.821973
628 288 0.752094
634 245 0.838661
634 266 0.812098
636 288 0.761103
622 209 0.459099
626 209 0.837535
632 211 0.0579727
632 209 0.945185
# id 3
773 317 0.759925
777 321 0.815489
775 321 0.768868
775 337 0.337786
777 352 0.251523
781 321 0.83539
785 337 0.684694
787 350 0.56119
783 350 0.80366
775 370 0.727907
759 395 0.669291
789 352 0.823384
790 370 0.754293
804 395 0.761236
773 311 0.224251
773 313 0.790916
0 0 0
775 313 0.785874

# frame 6 3
# id 1
620 211 0.835351
630 225 0.875633
620 225 0.82186
618 237 0.608622
618 247 0.566144
632 223 0.879663
636 231 0.827327
634 243 0.833703
624 248 0.784949
620 270 0.841027
618 288 0.830255
634 248 0.830804
634 272 0.850353
640 288 0.72717
618 209 0.673674
620 211 0.826528
628 211 0.120198
630 211 0.798386
# id 2
384 274 0.444187
378 288 0.887304
382 288 0.942621
385 303 0.631152
395 319 0.680887
368 288 0.820825
360 303 0.588178
364 317 0.502394
381 319 0.827526
382 339 0.774679
380 366 0.758149
372 319 0.734125
380 338 0.702036
379 364 0.668234
384 274 0.503864
0 0 0
382 274 0.917231
378 276 0.101895
# id 3
757 317 0.74658
769 323 0.762984
763 321 0.706945
767 338 0.31017
759 362 0.21284
771 321 0.851256
773 339 0.684103
775 352 0.595265
771 352 0.796544
759 378 0.768867
755 397 0.673014
775 352 0.771669
777 370 0.674547
800 397 0.710965
757 311 0.147343
759 313 0.764876
0 0 0
761 313 0.765298

# frame 7 3
# id 1
616 213 0.831192
620 225 0.917584
618 225 0.845028
616 241 0.488313
616 248 0.43519
628 225 0.881012
632 237 0.801327
628 247 0.745678
620 250 0.793482
616 272 0.806998
616 290 0.684415
630 250 0.825874
632 272 0.877091
634 288 0.708863
616 211 0.608948
618 211 0.877894
618 217 0.0833783
620 213 0.8025
# id 2
745 307 0.643633
757 321 0.875148
757 321 0.745452
757 336 0.312537
749 350 0.161934
759 321 0.915318
759 336 0.758301
757 352 0.734723
757 352 0.767253
747 380 0.654073
744 397 0.477304
759 352 0.782834
757 374 0.656383
775 387 0.424221
747 305 0.221022
747 305 0.677276
0 0 0
755 307 0.747117
# id 3
395 274 0.793778
383 288 0.966189
382 288 0.916389
370 303 0.646754
368 319 0.665221
384 288 0.797413
393 303 0.405825
399 315 0.380784
383 321 0.860066
383 346 0.845341
378 368 0.706864
384 321 0.829418
385 346 0.854698
382 366 0.724062
393 274 0.812791
0 0 0
384 274 0.955078
384 278 0.0551882

# frame 8 3
# id 1
614 213 0.828799
618 225 0.973637
614 225 0.847372
607 241 0.558287
605 250 0.472973
622 225 0.86412
628 237 0.807335
622 248 0.755539
616 252 0.810853
614 272 0.825525
614 292 0.747297
622 252 0.798534
626 272 0.822264
632 288 0.753147
612 211 0.619789
616 211 0.884143
616 215 0.1306
618 211 0.874011
# id 2
399 274 0.743807
385 288 0.936606
391 288 0.913141
397 303 0.705446
405 319 0.774161
383 289 0.812988
374 305 0.457758
372 317 0.382939
393 319 0.821633
395 340 0.834386
385 366 0.713679
384 319 0.807752
387 339 0.813051
384 366 0.751729
397 274 0.806693
0 0 0
391 274 0.899636
0 0 0
# id 3
740 307 0.58319
744 319 0.829533
744 319 0.739681
743 335 0.2504
743 350 0.125309
745 319 0.877456
745 335 0.750762
743 358 0.69615
747 350 0.735791
745 374 0.680688
753 395 0.590698
749 352 0.764626
744 372 0.757295
751 393 0.631812
740 305 0.15276
741 305 0.678082
0 0 0
743 307 0.773368

# frame 9 5
# id 1
607 213 0.776173
616 225 0.96151
610 225 0.830665
605 239 0.592026
601 249 0.606995
618 225 0.915027
622 237 0.815595
620 250 0.751243
612 252 0.797446
612 272 0.807316
616 290 0.749523
618 252 0.847385
616 272 0.867799
620 290 0.755668
605 211 0.527362
610 213 0.808801
616 215 0.0976845
616 213 0.903995
# id 2
726 305 0.769478
736 319 0.812599
732 319 0.772981
734 335 0.310176
732 350 0.219241
740 319 0.86869
738 335 0.725534
739 352 0.686762
738 350 0.781224
730 374 0.775702
728 397 0.74629
741 350 0.817318
740 372 0.788681
743 395 0.66443
0 0 0
728 305 0.835419
0 0 0
730 305 0.781697
# id 3
0 0 0
0 0 0
395 287 0.8988
389 303 0.694273
397 319 0.746095
0 0 0
0 0 0
0 0 0
0 0 0
0 0 0
0 0 0
0 0 0
0 0 0
0 0 0
0 0 0
0 0 0
397 272 0.93832
0 0 0
# id 4
0 0 0
0 0 0
0 0 0
0 0 0
0 0 0
397 288 0.771053
397 303 0.395645
405 313 0.328928
0 0 0
0 0 0
0 0 0
0 0 0
0 0 0
0 0 0
0 0 0
0 0 0
0 0 0
0 0 0
# id 5
401 274 0.711285
397 288 0.911224
0 0 0
0 0 0
0 0 0
0 0 0
0 0 0
0 0 0
399 319 0.88042
399 338 0.853668
395 362 0.714351
399 319 0.825139
399 338 0.848613
395 360 0.723785
399 272 0.792863
0 0 0
397 272 0.93832
0 0 0

# frame 10 5
# id 1
603 213 0.764412
610 225 0.914971
605 225 0.850691
603 239 0.561698
601 249 0.543498
616 225 0.936736
618 237 0.796429
616 250 0.790854
608 252 0.779297
608 272 0.792843
614 291 0.731712
616 252 0.825775
614 272 0.827737
616 292 0.781929
603 211 0.495671
603 213 0.819775
0 0 0
610 213 0.793321
# id 2
716 307 0.667022
726 321 0.916468
722 319 0.785333
724 335 0.385015
726 350 0.238058
728 321 0.951317
730 335 0.754297
734 352 0.724868
726 350 0.783895
716 376 0.643418
708 397 0.655201
730 352 0.794405
736 372 0.657702
745 393 0.564916
716 305 0.368652
722 307 0.727156
0 0 0
726 307 0.791576
# id 3
0 0 0
0 0 0
399 280 0.874299
401 297 0.695232
407 311 0.713633
0 0 0
0 0 0
0 0 0
0 0 0
0 0 0
0 0 0
0 0 0
0 0 0
0 0 0
0 0 0
0 0 0
399 272 0.892011
0 0 0
# id 4
0 0 0
0 0 0
0 0 0
0 0 0
0 0 0
399 282 0.794818
399 295 0.338811
409 305 0.241575
0 0 0
0 0 0
0 0 0
0 0 0
0 0 0
0 0 0
0 0 0
0 0 0
0 0 0
0 0 0
# id 5
409 272 0.700248
399 282 0.898403
0 0 0
0 0 0
0 0 0
0 0 0
0 0 0
0 0 0
401 311 0.824955
403 334 0.829187
399 352 0.809374
399 309 0.76542
401 335 0.834711
399 352 0.806058
407 272 0.721692
0 0 0
399 272 0.892011
0 0 0
4
417 270 0.778635 413 278 0.901623 407 278 0.855915 403 292 0.789026 407 307 0.759041 415 276 0.855205 419 295 0.486082 423 311 0.383396 411 309 0.850232 405 335 0.800611 399 356 0.797122 415 307 0.793622 426 334 0.788884 431 350 0.717344 415 266 0.821447 415 266 0.397832 413 268 0.840808 0 0 0 595 223 0.76711 601 227 0.937029 597 229 0.815343 587 243 0.721651 587 254 0.692484 605 227 0.866155 616 243 0.826226 618 254 0.8432 601 256 0.91066 601 276 0.808167 601 299 0.694649 605 258 0.866536 605 278 0.806513 605 297 0.686091 591 217 0.518353 597 217 0.777106 601 225 0.123836 601 219 0.866677 695 305 0.821885 706 319 0.81211 706 319 0.727805 702 335 0.242025 704 352 0.148354 0 0 0 0 0 0 0 0 0 708 350 0.77581 708 372 0.753679 716 387 0.561746 704 350 0.807628 696 372 0.878027 696 399 0.789925 0 0 0 696 305 0.92201 0 0 0 700 305 0.838499 0 0 0 0 0 0 0 0 0 0 0 0 0 0 0 706 319 0.847493 702 333 0.741298 697 352 0.660948 0 0 0 0 0 0 0 0 0 0 0 0 0 0 0 0 0 0 0 0 0 0 0 0 0 0 0 700 305 0.838499
4
589 221 0.770483 599 229 0.881513 591 229 0.782443 587 243 0.639548 585 256 0.626495 603 229 0.892695 605 243 0.7936 608 256 0.715067 597 258 0.844952 599 278 0.754535 601 299 0.64786 603 258 0.905048 601 276 0.8301 603 297 0.666067 587 217 0.568134 593 219 0.753098 0 0 0 599 221 0.801509 428 268 0.817025 417 278 0.873007 415 276 0.899204 413 293 0.703831 415 307 0.762324 423 278 0.827527 428 294 0.441008 428 311 0.287483 415 307 0.893971 415 331 0.843633 401 354 0.761831 426 307 0.829388 430 331 0.810288 438 350 0.724181 427 266 0.821039 427 264 0.321669 417 268 0.806903 0 0 0 0 0 0 959 407 0.479363 961 407 0.440941 949 428 0.170309 947 446 0.116879 949 407 0.634152 947 428 0.530616 943 446 0.482054 961 446 0.627701 953 475 0.551335 947 499 0.509773 949 446 0.668727 947 475 0.64745 945 497 0.545025 0 0 0 0 0 0 0 0 0 957 397 0.148459 683 305 0.67534 695 319 0.925406 695 319 0.816772 694 334 0.281231 693 348 0.132287 695 319 0.919407 695 329 0.70947 695 348 0.554509 695 350 0.771483 695 370 0.759338 697 395 0.712991 695 350 0.849214 694 370 0.810944 696 397 0.740325 0 0 0 685 305 0.718986 0 0 0 693 305 0.862531
