1244.82711 970.755755 1244.588945 977.024665 1245.77977 979.857148 1246.017934 996.372926 1246.017934 1010.043739 1243.874451 975.325174 1243.517204 988.146242 1243.279039 1003.529026 1245.30344 1010.622717 1244.82711 1031.135177 1244.350781 1052.786871 1244.112616 1007.790233 1244.112616 1027.157218 1244.112616 1054.498843 1245.30344 969.61028 1244.588945 967.91079 1245.77977 973.021742 1244.112616 969.056265 
1237.116022 961.789384 1236.875934 970.405808 1237.356111 973.844828 0.0 0.0 1237.5962 999.681517 1235.67549 965.253569 1235.315357 978.178205 1235.075268 993.685251 1237.116022 1000.836245 1236.875934 1024.382351 1236.875934 1047.351092 1235.67549 997.409807 1235.795534 1019.515649 1235.915579 1045.066801 1237.356111 960.063583 1236.875934 961.218311 1237.356111 962.360457 1236.155667 959.505092 
1229.412592 950.525948 1229.170549 961.528081 1229.412592 962.103803 1229.654635 974.257379 1229.654635 988.150806 1227.960333 958.649474 1227.71829 967.336036 1227.476247 982.969312 1229.412592 989.890655 1229.170549 1011.312858 1229.170549 1034.468569 1227.960333 986.436326 1228.202376 1009.009972 1227.960333 1031.589961 1229.412592 950.525948 1229.412592 950.525948 1229.412592 950.525948 1229.170549 949.950226 
1223.790476 942.191483 1223.304259 954.989542 1223.790476 956.146053 1225.006017 972.991899 1225.249126 985.198962 1222.818043 951.50727 1221.84561 963.148819 1221.602501 976.525134 1223.547368 983.476937 1223.547368 1010.223196 1223.304259 1030.576796 1222.818043 981.742172 1223.061151 1009.066686 1222.818043 1031.746047 1224.033584 942.769738 1223.547368 941.613227 1223.304259 943.360734 1223.304259 941.034972 
1219.095914 937.502788 1217.873457 950.968013 1218.36244 952.131102 1219.340405 966.152245 1219.584896 980.767746 1217.628966 948.047475 1217.384475 959.160894 1217.628966 976.115387 1218.117949 977.278477 1219.095914 1004.164079 1218.36244 1028.148364 1217.628966 976.115387 1217.628966 1000.67481 1217.384475 1025.822185 1219.095914 937.502788 1218.606931 936.339698 1217.873457 936.934057 1217.873457 934.595064 
0.0 0.0 0.0 0.0 0.0 0.0 0.0 0.0 0.0 0.0 0.0 0.0 0.0 0.0 0.0 0.0 0.0 0.0 0.0 0.0 0.0 0.0 0.0 0.0 0.0 0.0 0.0 0.0 0.0 0.0 0.0 0.0 0.0 0.0 0.0 0.0 
0.0 0.0 1209.650845 942.362685 1209.897675 942.949794 1210.144506 962.427882 0.0 0.0 0.0 0.0 0.0 0.0 1208.663522 965.989344 0.0 0.0 1210.144506 999.029153 0.0 0.0 1208.416691 968.944294 1208.169861 994.33228 0.0 0.0 1210.144506 927.007297 1209.897675 926.420188 0.0 0.0 1209.650845 928.194451 
1200.842804 916.620209 1200.345017 929.72282 1200.842804 930.906851 1201.713932 952.027763 1201.962825 963.33476 1199.847231 928.538788 1199.10055 941.049383 1199.847231 955.921519 1200.593911 962.45978 1200.842804 986.862866 1200.842804 1010.673936 1199.847231 960.683733 1199.349444 983.310772 1198.602763 1000.58358 1201.091698 914.831118 1200.593911 913.647086 1200.593911 918.409301 1200.345017 913.055071 
1197.437091 912.847126 1196.312735 924.514686 1197.062306 926.297608 0.0 0.0 1198.186662 957.655875 1196.062878 923.920378 1195.563165 937.073706 1195.813022 953.205117 1196.812449 957.97267 1196.812449 981.875907 1196.312735 1002.200206 1196.062878 956.189748 1196.312735 980.687292 0.0 0.0 1197.686948 911.05111 1197.062306 911.955665 1196.312735 912.563067 1196.312735 910.172743 
1191.012049 905.498906 1190.131302 917.84838 1190.760407 919.344764 1191.012049 936.795131 1191.263691 949.430695 1189.376376 916.05272 1189.124734 929.898578 1189.376376 946.145244 1190.382944 950.94686 1190.382944 975.02088 1189.628018 996.095538 1189.376376 948.552646 1189.628018 973.22522 1189.376376 996.700686 1191.012049 903.091504 1191.012049 905.498906 1190.131302 905.811371 1190.131302 903.403969 

1177.401696 887.552105 1177.146744 894.26288 1178.421504 897.295012 1178.676456 914.974909 1178.676456 929.609312 1176.381888 892.443601 1175.99946 906.168364 1175.744509 922.635408 1177.9116 930.229099 1177.401696 952.187385 1176.891792 975.365203 1176.63684 927.196967 1176.63684 947.929038 1176.63684 977.197844 1177.9116 886.325891 1177.146744 884.506611 1178.421504 889.977811 1176.63684 885.732826 
1171.612914 880.996596 1171.356275 890.206974 0.0 0.0 1172.38283 907.379955 1172.126192 921.500742 1170.073082 884.699577 1169.688124 898.515145 1169.431485 915.091136 1171.612914 922.735069 1171.356275 947.904275 1171.356275 972.456318 1170.073082 919.072437 0.0 0.0 1170.32972 970.014564 1171.869553 879.15183 1171.356275 880.386157 1171.869553 881.607034 1170.586359 878.554841 
1169.608059 876.651661 1169.350739 888.348189 0.0 0.0 1169.865379 901.880891 1169.865379 916.651194 1168.064142 885.287899 1167.806822 894.52271 1167.549503 911.142673 1169.608059 918.500853 1169.350739 941.275109 1169.350739 965.892281 1168.064142 914.828506 1168.321461 938.826877 1168.064142 962.831991 1169.608059 876.651661 1169.608059 876.651661 1169.608059 876.651661 1169.350739 876.039603 
1165.16951 869.692917 1164.653159 883.284163 0.0 0.0 1166.460387 902.402253 1166.718563 915.365874 1164.136808 879.58607 0.0 0.0 1162.845931 906.154467 1164.911335 913.537123 1164.911335 941.941037 0.0 0.0 0.0 0.0 1164.394984 940.712849 1164.136808 964.797811 0.0 0.0 1164.911335 869.078823 1164.653159 870.934635 0.0 0.0 
0.0 0.0 1161.127913 881.756719 1161.646332 882.989828 1162.683172 897.855052 1162.942382 913.350414 1160.868703 878.660364 0.0 0.0 1160.868703 908.417981 1161.387123 909.651089 1162.423962 938.155221 1161.646332 963.583374 1160.868703 908.417981 0.0 0.0 0.0 0.0 1162.423962 867.480881 0.0 0.0 0.0 0.0 0.0 0.0 
1156.38779 862.817262 1155.083032 877.189037 1156.38779 880.292525 1156.648742 895.892019 1156.648742 908.37435 1154.82208 874.071874 1154.300176 882.816343 1154.561128 898.415837 1155.865887 907.760491 1156.38779 936.463013 1156.648742 959.551906 1154.561128 904.657003 1154.561128 934.614596 1153.778273 952.724233 1156.648742 860.941494 1156.38779 862.817262 1155.343983 860.334472 1155.083032 859.713774 
1148.467002 853.355686 1147.940502 867.214097 1148.203752 867.840262 1148.467002 888.614082 1148.467002 897.428681 1146.8875 864.709436 1146.360999 878.567847 0.0 0.0 1147.940502 898.694808 1148.467002 927.650164 1148.467002 950.316275 1146.624249 895.563982 1146.360999 922.640843 1146.097749 942.162332 1148.467002 850.837229 1148.203752 850.211064 1148.203752 857.766435 1147.940502 852.103356 
1141.610823 843.540834 0.0 0.0 1141.610823 858.744245 0.0 0.0 1142.802715 893.253042 1140.551364 856.224224 0.0 0.0 0.0 0.0 1141.345959 892.321915 0.0 0.0 1141.610823 943.629958 0.0 0.0 1140.021634 914.510908 1139.22704 932.892107 0.0 0.0 0.0 0.0 1141.345959 845.44473 1141.081094 839.746921 
1137.977982 839.614602 1138.177961 852.028437 1138.044642 853.9379 1137.933542 873.353488 1137.844663 887.358155 1138.222401 851.39195 1138.31128 865.397005 1138.26684 882.584691 1138.089081 887.67698 1138.089081 913.140364 1138.177961 934.784433 1138.222401 885.767517 1138.177961 911.867388 1138.26684 933.511458 1137.933542 837.704751 1138.044642 838.65987 1138.177961 839.296746 1138.177961 836.750407 
1128.538196 831.873121 1128.695166 845.043476 1128.583045 846.64933 1128.538196 865.279981 0.0 0.0 1128.829711 843.11645 1128.87456 857.892659 1128.829711 875.238432 1128.650317 880.377557 1128.650317 906.075143 1128.784863 928.560823 1128.829711 877.80819 1128.784863 904.148117 1128.829711 929.203361 1128.538196 829.303362 1128.538196 831.873121 1128.695166 832.194683 1128.695166 829.624924 

0.0 0.0 1115.817937 823.947627 1115.590803 827.200757 1115.545376 846.071684 1115.545376 861.689085 0.0 0.0 1116.022358 836.637212 1116.067785 854.206887 0.0 0.0 1115.77251 885.766408 1115.863364 910.494158 1115.908791 859.086978 1115.908791 881.21163 1115.908791 912.446432 1115.681656 815.487904 1115.817937 813.536027 1115.590803 819.392056 0.0 0.0 
1111.366255 813.924963 1111.411878 823.728074 1111.320632 827.649079 1111.229386 842.02663 1111.275009 857.058014 1111.639993 817.846764 1111.708427 832.551431 1111.75405 850.196951 1111.366255 858.365281 1111.411878 885.160279 1111.411878 911.301643 1111.639993 854.444674 1111.617181 879.605687 1111.59437 908.687905 1111.320632 811.964261 1111.411878 813.271528 1111.320632 814.578397 1111.548747 811.311224 
1104.801323 806.360447 1104.847243 818.858615 1104.801323 819.516307 1104.755402 833.329861 1104.755402 849.116893 1105.076844 815.57015 1105.122764 825.437146 1105.168685 843.197658 1104.801323 851.090372 1104.847243 875.428814 1104.847243 901.740535 1105.076844 847.144215 1105.030924 872.798043 1105.076844 898.452071 1104.801323 806.360447 1104.801323 806.360447 1104.801323 806.360447 1104.847243 805.702754 
1096.401362 794.700058 1096.494007 809.298532 1096.401362 810.625446 1096.169748 829.868118 1096.123425 843.802731 1096.586652 805.317387 1096.771943 818.588948 1096.818266 833.85088 1096.447684 841.812765 1096.447684 872.336426 1096.494007 895.561051 1096.586652 839.822395 1096.54033 871.009512 1096.586652 896.888369 1096.355039 795.363515 1096.447684 794.036601 1096.494007 796.027376 1096.494007 793.373144 
1088.304177 789.700555 1088.537666 805.086475 1088.44427 806.424132 1088.257479 822.478066 1088.210781 839.201235 1088.584364 801.741922 1088.631062 814.45171 1088.584364 833.850603 1088.490968 835.188261 1088.304177 865.958673 1088.44427 893.385144 1088.584364 833.850603 1088.584364 861.945699 1088.631062 890.709828 1088.304177 789.700555 1088.397572 788.362897 1088.537666 789.032134 1088.537666 786.356411 
1082.503106 787.498737 1082.737978 802.975787 1082.503106 806.33974 1082.456132 823.161961 1082.456132 836.61982 0.0 0.0 1082.878902 809.032131 1082.831927 825.854352 1082.597055 835.947234 1082.503106 866.900104 1082.456132 891.797041 1082.831927 832.583282 1082.831927 864.882143 1082.97285 884.396346 1082.456132 785.479956 0.0 0.0 1082.691004 784.807575 1082.737978 784.134785 
1075.982153 781.936527 1076.076731 796.83967 0.0 0.0 1075.982153 819.871274 0.0 0.0 1076.265889 794.130458 1076.360468 809.0336 0.0 0.0 0.0 0.0 0.0 0.0 0.0 0.0 1076.313179 827.323464 0.0 0.0 1076.407758 877.451729 1075.982153 779.226903 0.0 0.0 1076.029442 786.678474 1076.076731 780.581921 
1070.441584 773.328353 0.0 0.0 1070.441584 789.683599 0.0 0.0 1070.227505 826.82317 1070.631876 786.95814 0.0 0.0 1070.631876 818.305694 1070.489157 825.801538 1070.441584 853.741646 1070.441584 881.000389 1070.631876 823.757443 0.0 0.0 1070.869741 869.416357 1070.394011 771.283843 0.0 0.0 0.0 0.0 1070.53673 769.239749 
1067.49333 771.573305 1067.708053 784.902372 1067.564904 786.952614 1067.445614 807.79965 1067.350182 822.836836 1067.755769 784.218959 1067.851201 799.256561 1067.803485 817.711441 1067.61262 823.179167 1067.61262 850.519884 1067.708053 873.759701 1067.755769 821.128926 1067.708053 849.153056 1067.803485 872.392874 1067.445614 769.522647 1067.564904 770.548184 1067.708053 771.232014 1067.708053 768.497942 
1061.64354 767.394239 1061.811557 781.4915 0.0 0.0 1061.64354 803.152215 1061.595535 817.592832 1061.955572 779.428854 1062.003576 795.244987 1061.955572 813.811524 1061.763552 819.312332 1061.763552 846.818468 1061.907567 870.886651 1061.955572 816.562137 1061.907567 844.755822 1061.955572 871.574409 1061.64354 764.643625 1061.64354 767.394239 1061.811557 767.738432 1061.811557 764.987818 

1046.73349 750.042358 1046.782269 757.728697 1046.538373 761.221906 1046.489593 781.485503 1046.489593 798.255463 1046.928607 755.632771 1047.001776 771.354769 1047.050556 790.221081 1046.635931 798.954531 1046.73349 824.109685 1046.831049 850.662336 1046.879828 795.461321 1046.879828 819.218766 1046.879828 852.758687 1046.635931 748.644649 1046.782269 746.548723 1046.538373 752.836926 1046.879828 747.946433 
1043.039843 747.968372 0.0 0.0 1042.990876 762.698556 1042.892941 778.130076 1042.941909 794.263359 1043.333648 752.177668 1043.407099 767.960283 1043.456067 786.899335 1043.039843 795.666457 1043.088811 824.425703 1043.088811 852.4834 0.0 0.0 1043.309164 818.463923 1043.284681 849.678058 1042.990876 745.863938 1043.088811 747.267037 1042.990876 748.669708 1043.235713 745.16303 
1038.626154 742.393249 1038.675349 755.782705 1038.626154 756.4873 1038.576959 771.285946 1038.576959 788.198807 1038.921324 752.259729 1038.970519 762.830374 1039.019714 781.85745 1038.626154 790.313022 1038.675349 816.387123 1038.675349 844.575225 1038.921324 786.085451 1038.872129 813.568743 1038.921324 841.052249 1038.626154 742.393249 1038.626154 742.393249 1038.626154 742.393249 1038.675349 741.688654 
1035.276626 735.37986 0.0 0.0 1035.276626 752.358475 1035.029694 772.873763 1034.980308 787.729943 1035.474171 746.699368 1035.671716 760.848645 1035.721102 777.119925 1035.326012 785.608371 1035.326012 818.150716 1035.375398 842.911304 0.0 0.0 1035.424785 816.736047 1035.474171 844.326404 1035.227239 736.087195 1035.326012 734.672526 1035.375398 736.79496 1035.375398 733.965191 
1025.009546 728.466469 1025.259195 744.917232 1025.159335 746.347467 1024.959616 763.512477 1024.909687 781.39304 0.0 0.0 1025.359054 754.930626 1025.309125 775.672097 1025.209265 777.102332 1025.009546 810.002333 1025.159335 839.326962 1025.309125 775.672097 1025.309125 805.711626 1025.359054 836.466491 1025.009546 728.466469 1025.109406 727.036233 1025.259195 727.751786 1025.259195 724.890879 
1017.766713 725.11149 1018.018339 741.692551 1017.766713 745.296461 1017.716388 763.318647 1017.716388 777.736483 1018.068664 738.088202 1018.169314 748.180907 1018.118989 766.203092 1017.867363 777.01592 1017.766713 810.176725 1017.716388 836.849612 1018.118989 773.41201 1018.118989 808.014818 1018.269965 828.92101 1017.716388 722.948705 1017.766713 725.11149 1017.968014 722.228362 1018.018339 721.50758 
0.0 0.0 1008.776345 731.928409 0.0 0.0 0.0 0.0 1009.284098 766.877773 0.0 0.0 1007.253084 745.053125 1007.760838 761.068582 1008.776345 768.33977 0.0 0.0 1009.284098 828.04886 1007.506961 764.712489 1007.253084 796.029031 1006.999208 818.606846 1009.284098 712.988959 1009.030221 712.263502 1009.030221 721.002229 0.0 0.0 
1004.922979 708.805 1004.413232 724.894479 1004.922979 726.351089 1005.815037 752.294942 1006.069911 766.182813 1003.903484 723.437868 1003.138863 738.799042 1003.903484 757.067872 1004.668105 765.101484 1004.922979 795.073271 1004.922979 824.316752 1003.903484 762.916569 1003.393737 790.70344 1002.629115 811.913311 1005.177853 706.608956 1004.668105 705.152346 1004.668105 711.001043 1004.413232 704.424041 
997.583961 700.710224 996.426121 715.114639 0.0 0.0 997.841258 739.823527 998.355854 756.054786 996.168824 714.379408 995.654228 730.621901 995.911526 750.546168 996.940717 756.439253 996.940717 785.960846 996.426121 811.059817 996.168824 754.233559 996.426121 784.490383 995.911526 809.589355 997.841258 698.493296 997.198014 699.607377 996.426121 700.353843 996.426121 697.401683 
991.025066 693.772066 990.116609 709.044769 990.765507 710.899001 0.0 0.0 991.284625 748.119643 989.337933 706.81969 989.078374 723.946625 989.337933 744.045998 990.376168 749.990875 990.376168 779.771921 989.597492 805.838836 989.337933 747.024103 989.597492 777.546842 0.0 0.0 991.025066 690.793962 991.025066 693.772066 990.116609 694.154246 990.116609 691.176141 

973.889397 671.635539 0.0 0.0 974.94877 683.778921 975.213613 705.806869 975.213613 724.039288 972.830023 677.724575 972.432758 694.821803 972.167915 715.336165 974.419083 724.807644 973.889397 752.162053 0.0 0.0 973.094867 721.023678 973.094867 746.852937 0.0 0.0 974.419083 670.110389 0.0 0.0 974.94877 674.662712 973.094867 669.365159 
967.984148 665.493431 967.717132 676.985067 968.251163 681.574727 968.785194 698.419024 968.518179 716.037978 966.382055 670.106407 0.0 0.0 965.714516 708.026476 967.984148 717.575637 967.717132 748.981058 967.717132 779.61765 966.382055 712.997635 966.515562 742.483898 966.64907 776.565649 968.251163 663.192772 967.717132 664.730431 0.0 0.0 966.916086 662.44143 
964.659803 659.354791 0.0 0.0 0.0 0.0 964.928138 690.909587 0.0 0.0 0.0 0.0 962.781456 681.696611 0.0 0.0 0.0 0.0 0.0 0.0 0.0 0.0 963.049791 707.093802 963.318127 737.109196 0.0 0.0 964.659803 659.354791 964.659803 659.354791 964.659803 659.354791 0.0 0.0 
958.80889 650.130838 958.269108 667.168317 958.80889 668.710751 960.158345 691.14675 960.428236 707.401228 957.729326 662.52923 956.649762 678.024275 956.379871 695.832971 958.538999 705.09936 958.538999 740.71086 958.269108 767.809513 957.729326 702.785709 957.999217 739.168426 957.729326 769.36373 959.078781 650.902055 958.538999 649.359621 958.269108 651.685056 958.269108 648.588404 
0.0 0.0 950.161477 661.252568 0.0 0.0 951.798437 681.581874 0.0 0.0 949.88865 657.342627 949.615824 672.214694 0.0 0.0 950.434304 696.465853 0.0 0.0 950.70713 764.547651 0.0 0.0 0.0 0.0 949.615824 761.429228 0.0 0.0 950.979957 641.679043 0.0 0.0 0.0 0.0 
946.010763 640.270139 944.636287 658.421032 946.010763 662.348614 946.285658 682.058537 946.285658 697.828876 944.361392 654.481448 943.811602 665.526686 944.086497 685.236609 945.460972 697.04936 946.010763 733.315139 946.285658 762.487265 944.086497 693.121778 944.086497 730.970592 943.261812 753.846585 946.285658 637.901588 946.010763 640.270139 944.911182 637.128074 944.636287 636.342557 
939.214352 632.656811 938.659423 650.172381 938.936887 650.965239 939.214352 677.226479 939.214352 688.368896 937.549565 647.000948 936.994636 664.516517 0.0 0.0 938.659423 689.966727 939.214352 726.571469 939.214352 755.223398 937.272101 686.002436 936.994636 720.228602 936.717172 744.904126 939.214352 629.473264 938.936887 628.680405 938.936887 638.231048 0.0 0.0 
0.0 0.0 0.0 0.0 0.0 0.0 0.0 0.0 0.0 0.0 0.0 0.0 0.0 0.0 0.0 0.0 0.0 0.0 0.0 0.0 0.0 0.0 0.0 0.0 0.0 0.0 0.0 0.0 0.0 0.0 0.0 0.0 0.0 0.0 0.0 0.0 
925.510635 614.967825 924.240484 630.769481 925.087251 633.18913 925.79289 657.875154 926.357402 675.68086 923.958228 629.962932 923.393716 647.780962 923.675972 669.637901 924.804995 676.10262 924.804995 708.487835 924.240484 736.021429 923.958228 673.682972 924.240484 706.874736 923.675972 734.40833 925.79289 612.535853 925.087251 613.758001 924.240484 614.576874 924.240484 611.338352 
920.930394 610.468065 919.935635 627.191664 920.646177 629.222047 920.930394 652.861359 921.214611 669.978626 919.082984 624.755204 918.798767 643.509186 919.082984 665.517987 0.0 0.0 920.219852 704.63785 0.0 0.0 919.082984 668.77901 919.367201 702.20139 919.082984 733.999463 0.0 0.0 920.930394 610.468065 919.935635 610.886551 919.935635 607.625528 

