1084.774462 970.652728 1091.017963 1041.256553 
1074.179817 966.424765 1080.456718 1037.771041 
1071.531157 965.379757 1076.450085 1033.61135 
1063.585178 958.458157 1071.816391 1031.697603 
1057.404975 955.61037 1062.359193 1030.880027 
1045.044576 951.3648 1051.137888 1027.025984 
1038.86438 948.446888 1043.865547 1023.975455 
1034.449956 943.593458 1041.968634 1021.652775 
1028.269763 941.751498 1034.136138 1015.322364 
1024.738226 940.931225 1029.495794 1015.489131 
100000 100000 -1 -1 
1004.4319 927.814928 1010.936169 1001.367618 
1001.783251 927.876569 1008.296416 1001.908339 
989.422892 921.675762 994.552846 992.834535 
986.774245 917.465509 995.335917 993.645305 
977.945425 913.221974 983.106039 991.627412 
965.585085 909.073194 971.933257 987.899005 
955.873396 904.291663 961.093796 983.131124 
951.458994 899.328186 959.307726 980.814145 
940.186448 897.148644 949.385436 974.091716 
927.895901 893.833595 935.383327 972.280434 
100000 100000 -1 -1 
915.605363 887.328222 925.790741 964.205663 
904.260257 884.981409 914.497036 962.497573 
900.478557 883.928175 908.503412 958.169476 
897.642282 880.204486 911.033898 959.733849 
889.13346 877.719421 897.198864 959.387415 
886.297187 879.245307 896.167339 960.809176 
877.78837 876.565787 885.894564 958.185138 
874.006675 872.719076 886.186441 956.996398 
865.497864 871.378809 875.006959 950.91571 
861.716171 871.026986 869.426983 951.81427 
100000 100000 -1 -1 
835.244342 859.551664 845.800412 939.227015 
832.408077 860.19672 842.977507 940.231823 
828.62639 859.151571 836.912081 935.805976 
821.06302 853.702504 834.919177 935.990659 
810.66339 850.578775 819.015755 935.152455 
807.827128 852.193698 818.048505 936.659978 
796.184488 849.787092 806.340265 934.350567 
791.313175 846.17349 806.575858 933.483842 
788.390387 847.178222 800.274917 929.410763 
775.724977 845.058597 785.393412 929.033156 
100000 100000 -1 -1 
760.136785 839.166685 773.297144 921.393074 
753.316953 839.290642 766.512183 921.864953 
740.651552 836.491246 751.029024 915.911673 
727.011893 830.553931 744.399004 916.028374 
713.372238 827.850674 723.859408 915.639741 
710.449455 829.840116 723.281504 917.393277 
702.655367 828.170975 713.185746 915.853625 
698.758324 824.691822 714.57748 915.185486 
690.964237 824.630416 703.304742 910.017982 
686.092934 824.343091 696.101454 911.27144 
100000 100000 -1 -1 
