1162.382991 742.149049 1178.646447 820.916815 1136.571068 283.071068 1159.571068 360.071068 579.382991 658.790291 595.646447 735.083185 
1174.382991 741.795495 1190.646447 820.916815 1147.17767 293.67767 1170.17767 370.67767 579.382991 671.204505 595.646447 747.497398 
1188.918525 741.441942 1201.646447 816.563262 1165.612698 307.112698 1183.612698 380.112698 582.918525 683.204505 595.646447 756.204505 
1192.433243 742.856155 1213.646447 823.623922 1167.754834 321.254834 1197.754834 400.254834 574.433243 695.083185 595.646447 773.376078 
1214.918525 741.795495 1227.646447 823.270369 1193.189863 334.689863 1211.189863 413.689863 582.918525 709.436738 595.646447 789.143845 
1226.090097 741.088388 1241.646447 823.977476 1199.089358 344.589358 1221.089358 423.589358 580.090097 729.790291 595.646447 808.911612 
1247.918525 741.088388 1260.646447 821.270369 1214.403066 355.903066 1232.403066 434.903066 582.918525 741.558058 595.646447 820.911612 
1251.554564 742.325825 1270.646447 823.679379 1216.716775 367.216775 1243.716775 448.216775 576.554564 755.613515 595.646447 837.320621 
1270.797204 741.795495 1285.646447 823.447146 1231.202056 375.702056 1252.202056 454.702056 580.797204 772.204505 595.646447 849.259961 
1280.850709 749.91455 1297.641411 831.422962 1241.7492 385.307412 1242.342492 463.059392 603.496503 766.069731 605.273487 850.301928 
1311.518246 750.965827 1327.781702 829.733594 1239.444954 407.145235 1262.444954 484.145235 588.708742 803.238447 604.972198 879.53134 
1329.518246 750.612274 1345.781702 829.733594 1248.637342 416.337623 1271.637342 493.337623 588.708742 816.65266 604.972198 892.945553 
1349.053779 750.258721 1361.781702 825.380041 1261.415517 424.115798 1279.415517 497.115798 592.244276 831.65266 604.972198 904.65266 
1356.568498 751.672934 1377.781702 832.440701 1260.022119 434.722399 1290.022119 513.722399 583.758995 841.53134 604.972198 919.824233 
1383.053779 750.612274 1395.781702 832.087148 1285.457147 448.157428 1303.457147 527.157428 592.244276 852.884893 604.972198 932.592 
1398.225352 749.905167 1413.781702 832.794254 1295.599283 462.299564 1317.599283 541.299564 589.415849 874.238447 604.972198 953.359767 
1412.053779 749.905167 1424.781702 830.087148 1308.084564 470.784845 1326.084564 549.784845 592.244276 887.006214 604.972198 966.359767 
1415.689818 751.142604 1434.781702 832.496157 1312.519593 484.219874 1339.519593 565.219874 585.880315 903.06167 604.972198 984.768777 
1419.227445 758.3792 1439.199632 836.529403 1346.579339 478.306541 1352.014539 560.928763 594.345044 912.57195 600.48485 989.57195 
1446.300791 759.168786 1458.321607 842.466883 1341.715017 484.290942 1358.715017 565.290942 588.256667 926.835689 600.277483 1005.537592 
1475.058151 759.875893 1491.321607 838.643659 1354.8069 503.382825 1377.8069 580.382825 584.014027 951.067923 600.277483 1027.360816 
1486.058151 759.522339 1502.321607 838.643659 1366.827715 515.40364 1389.827715 592.40364 584.014027 969.482136 600.277483 1045.775029 
1507.593684 759.168786 1520.321607 834.290106 1378.898783 522.474708 1396.898783 595.474708 587.54956 980.482136 600.277483 1053.482136 
1515.108403 760.582999 1536.321607 841.350766 1375.384064 530.95999 1405.384064 609.95999 579.064279 994.360816 600.277483 1072.653709 
1541.593684 759.522339 1554.321607 840.997213 1395.869346 539.445271 1413.869346 618.445271 -1 -1 -1 -1 
1549.765257 758.815232 1565.321607 841.70432 1402.475947 550.051873 1424.475947 629.051873 -1 -1 -1 -1 
1565.593684 758.815232 1578.321607 838.997213 1419.203869 562.779795 1437.203869 641.779795 -1 -1 -1 -1 
1568.551477 764.045119 1571.841949 846.037665 1418.339898 578.561808 1440.723913 660.121001 -1 -1 -1 -1 
1574.700088 768.190457 1589.54933 849.842108 1430.95214 591.762792 1451.95214 670.762792 -1 -1 -1 -1 
1588.528515 767.836904 1600.54933 851.135001 1444.851635 601.662287 1461.851635 682.662287 -1 -1 -1 -1 
1608.285874 768.544011 1624.54933 847.311778 1452.99377 615.804423 1475.99377 692.804423 -1 -1 -1 -1 
1628.285874 768.190457 1644.54933 847.311778 1467.135906 629.946559 1490.135906 706.946559 -1 -1 -1 -1 
1642.821408 767.836904 1655.54933 842.958224 1482.035401 639.846054 1500.035401 712.846054 -1 -1 -1 -1 
1649.336127 769.251118 1670.54933 850.018885 1483.47043 653.281082 1513.47043 732.281082 -1 -1 -1 -1 
1667.821408 768.190457 1680.54933 849.665331 1509.612565 667.423218 1527.612565 746.423218 -1 -1 -1 -1 
1674.992981 767.483351 1690.54933 850.372438 1512.683633 674.494286 1534.683633 753.494286 -1 -1 -1 -1 
1677.708386 781.543007 1687.511889 860.962343 1521.823286 689.839428 1532.655956 769.238746 -1 -1 -1 -1 
1687.338772 783.393002 1706.430655 864.746555 1518.184786 703.066497 1545.184786 784.066497 -1 -1 -1 -1 
1707.581413 782.862671 1722.430655 864.514322 1531.96296 710.844672 1552.96296 789.844672 -1 -1 -1 -1 
1726.40984 782.509118 1738.430655 865.807215 1547.276669 722.15838 1564.276669 803.15838 -1 -1 -1 -1 
1757.167199 783.216225 1773.430655 861.983992 1568.853833 749.735545 1591.853833 826.735545 -1 -1 -1 -1 
1768.167199 782.862671 1784.430655 861.983992 1582.995969 763.87768 1605.995969 840.87768 -1 -1 -1 -1 
1789.702733 782.509118 1802.430655 857.630438 1597.895464 773.777175 1615.895464 846.777175 -1 -1 -1 -1 
1800.217451 783.923332 1821.430655 864.691099 1595.087852 782.969563 1625.087852 861.969563 -1 -1 -1 -1 
1826.702733 782.862671 1839.430655 864.337545 1614.866027 790.747738 1632.866027 869.747738 -1 -1 -1 -1 
1824.611452 788.891522 1846.59805 868.08347 1616.719094 801.261015 1635.960728 880.261015 -1 -1 -1 -1 
1852.01627 788.975548 1864.744192 869.157529 1627.797532 811.221111 1645.797532 890.221111 -1 -1 -1 -1 
1861.652309 790.212985 1880.744192 871.566539 1625.8686 818.292179 1652.8686 899.292179 -1 -1 -1 -1 
1880.89495 789.682655 1895.744192 871.334305 1641.060988 827.484567 1662.060988 906.484567 -1 -1 -1 -1 
1900.723377 789.329102 1912.744192 872.627199 1658.496017 840.919596 1675.496017 921.919596 -1 -1 -1 -1 
