1122.130117 863.097386 1137.662343 938.323633 1219.53205 462.606602 1244.073101 544.765771 449.592179 388.6213 474.459408 505.275031 
1142.231708 862.754865 1157.664504 937.835046 1228.184291 471.091883 1252.561934 552.703993 449.762244 400.79181 474.463026 516.664731 
1156.630583 862.417886 1168.665691 933.450157 1242.098865 479.577164 1261.050724 556.43748 455.317286 414.803078 474.468035 524.640699 
1160.686066 863.74833 1180.666985 939.824262 1242.508277 492.305087 1273.783827 574.664036 442.830159 424.649161 474.472626 541.433988 
1179.722234 862.746621 1191.668168 939.215782 1265.064665 502.204581 1283.687286 583.937199 455.731599 444.224435 474.479232 561.629271 
1195.154581 862.082475 1209.670102 939.425701 1270.282065 511.39697 1292.883305 592.555969 451.750424 459.693547 474.483343 575.315696 
1211.849272 862.0821 1223.671602 936.559128 1281.564576 518.468037 1299.957133 599.190926 456.120859 478.362191 474.489753 592.884968 
1224.043915 863.224279 1241.673526 938.346858 1286.087569 531.903066 1313.39733 613.832349 447.155713 487.582747 474.49374 604.580691 
1248.053213 862.729774 1261.675656 937.635614 1303.653985 543.216775 1324.715315 622.44749 453.456296 505.872713 474.498984 615.067096 
1264.201909 871.852781 1279.055523 946.29226 1314.655037 550.054822 1317.621162 628.225952 458.73966 517.601688 462.911496 627.548887 
1289.511196 872.732126 1304.173645 943.745841 1314.696252 574.007792 1337.408576 650.044703 435.45192 536.391071 458.124086 642.747627 
1306.594386 872.409395 1321.175415 943.345752 1322.606907 581.785967 1345.189569 657.388794 435.601149 548.369708 458.127261 654.041114 
1324.821751 872.090471 1336.176971 939.109985 1336.113956 590.271248 1353.677891 661.502762 440.69512 565.381687 458.132585 665.392903 
1334.358776 873.342938 1353.178728 944.99857 1334.517797 600.170743 1363.580888 676.703549 429.296027 574.505993 458.136288 680.948544 
1353.93248 872.39916 1365.179964 944.397349 1356.886527 610.777345 1374.19119 686.725586 441.012223 591.021952 458.141155 698.289863 
1363.488478 871.773992 1377.181196 944.733069 1367.401443 624.91948 1388.338175 700.101383 437.461289 613.192675 458.146833 718.401653 
1382.038618 871.773583 1393.182833 941.978698 1378.367633 631.990548 1395.411634 706.794774 441.439066 632.891194 458.152692 737.094032 
1395.572893 872.849795 1412.184767 943.635633 1382.807057 644.71847 1408.143801 720.728704 433.240914 640.357196 458.155576 746.983924 
1422.597054 864.728489 1428.52944 936.353152 1411.848681 642.232753 1421.956478 719.065379 447.23532 647.176081 455.696038 747.567426 
1433.990381 864.186951 1444.365535 936.081463 1418.715464 654.059486 1434.461931 729.086769 431.020438 660.801497 446.576348 762.648143 
1458.461374 864.788071 1472.368361 932.142901 1433.253007 673.858476 1454.267221 744.210412 425.859674 683.557687 446.583359 780.773795 
1472.527341 864.482587 1486.369765 931.825642 1441.862858 682.343757 1462.755153 752.287529 426.053379 700.36902 446.587481 796.69578 
1492.599307 864.179545 1503.37146 927.757747 1457.847444 693.657466 1474.07235 759.458474 430.637627 712.376336 446.590732 803.874121 
1495.478448 865.371237 1513.372454 933.501395 1454.233326 700.728533 1481.145572 771.597449 420.262928 725.752744 446.595006 822.938188 
1519.698229 864.472756 1530.374134 932.812112 1476.437968 712.042242 1492.462687 782.372956 430.951324 742.222095 446.599211 840.215136 
1533.396578 863.879257 1546.375707 933.036107 1487.207553 726.184378 1506.609012 795.853252 427.683204 763.118344 446.603859 859.350897 
1545.792624 863.879012 1556.376685 930.555331 1500.026731 735.376766 1515.804082 804.62181 431.226893 773.839386 446.606659 869.726135 
1563.0785 850.526429 1571.508718 918.569032 1503.360561 742.57007 1511.443851 814.294483 438.548593 778.7941 438.548593 877.548497 
1570.335644 849.736043 1582.62967 917.337305 1506.374761 758.78118 1524.594761 827.323084 420.422263 798.910216 438.12705 890.783621 
1585.721856 849.441739 1595.630941 918.106625 1522.698937 771.509102 1537.326276 841.204073 423.966324 819.337891 438.131957 912.082205 
1613.365824 850.014856 1626.633948 914.275518 1540.457482 794.136519 1559.959943 859.427366 419.248442 842.292177 438.137951 930.904052 
1628.433587 849.723174 1641.635389 913.949626 1554.779057 808.278655 1574.105896 872.98155 419.446952 861.944246 438.142175 949.644713 
1645.353049 849.434506 1655.636727 910.129682 1571.119519 820.29947 1586.129905 881.174926 423.664607 879.953579 438.146323 963.012329 
1654.589987 850.569157 1671.638247 915.479197 1574.761995 833.734499 1599.568448 899.05816 414.176302 889.562434 438.149047 978.04014 
1681.479087 849.7125 1691.640134 914.75611 1591.823235 840.805567 1606.641343 905.840597 423.906144 906.989558 438.152851 996.207875 
1699.305274 849.147529 1711.642005 914.881484 1598.543733 850.705062 1616.543369 915.340118 420.918334 927.626302 438.156809 1015.303101 
1699.73921 852.651696 1706.239344 915.845194 1610.964282 861.385386 1625.546419 925.664672 425.759128 937.769765 435.073764 1025.334939 
1699.167895 854.144025 1714.278818 918.534075 1617.207321 874.864713 1638.983249 940.192498 414.098895 952.772096 434.946439 1041.992863 
1714.573627 853.721778 1726.279929 918.091315 1631.336013 884.057101 1648.177898 947.414668 418.876715 970.51698 434.949811 1053.923241 
1736.867746 853.440759 1746.281767 918.675107 1645.24083 894.663703 1658.787078 959.207588 422.011105 980.902275 434.951893 1065.627362 
1767.690389 853.984482 1780.284858 914.982474 1662.625827 916.584013 1680.712616 977.135438 -1 -1 -1 -1 
1780.745369 853.708057 1793.286027 914.718059 1675.493578 929.311935 1693.443513 989.405196 -1 -1 -1 -1 
1793.504728 853.434315 1803.286923 911.16969 1690.805948 940.625643 1704.75983 997.216386 -1 -1 -1 -1 
1803.070166 854.513746 1819.288347 916.263321 1691.540385 950.525138 1714.661579 1011.410951 -1 -1 -1 -1 
1826.613042 853.699456 1836.28985 915.643321 1710.057874 959.717527 1723.856038 1020.276138 -1 -1 -1 -1 
1823.22643 856.179216 1831.619064 916.909894 1719.402866 974.264084 1736.073409 1034.355156 -1 -1 -1 -1 
1833.120057 856.785119 1842.767699 917.562287 1736.637072 988.414507 1750.217195 1048.01616 -1 -1 -1 -1 
1839.349097 857.71948 1853.76866 919.163531 1737.002255 995.485574 1757.289794 1056.34819 -1 -1 -1 -1 
1862.628076 857.315032 1873.770395 918.583394 1752.214949 1006.092176 1767.898669 1065.092835 -1 -1 -1 -1 
1874.780595 857.048661 1883.771257 919.349351 1763.038254 1013.870351 1775.678493 1074.097373 -1 -1 -1 -1 
