642 207 0.807533
644 213 0.899928
634 213 0.843355
632 227 0.720421
632 239 0.688285
650 213 0.904308
653 225 0.77389
655 239 0.73712
638 241 0.861893
642 260 0.729831
646 280 0.641339
648 241 0.926587
648 258 0.820545
648 282 0.722727
638 205 0.740042
644 205 0.80423
634 207 0.466562
648 207 0.722592
# id 1
636 209 0.801818
638 217 0.863498
634 219 0.835885
630 229 0.704788
632 241 0.672712
648 215 0.880013
651 227 0.803995
653 241 0.817342
636 243 0.896262
638 264 0.741828
638 284 0.649847
648 243 0.924708
647 262 0.775544
646 284 0.671193
634 207 0.780535
638 209 0.751002
634 209 0.559161
644 209 0.603368
# id 1
634 209 0.79564
636 219 0.865203
634 219 0.796822
632 229 0.625198
632 241 0.553877
646 219 0.800313
648 227 0.765899
650 241 0.78079
634 243 0.873563
636 262 0.73571
636 282 0.611729
646 243 0.860162
644 262 0.729831
646 282 0.585753
634 209 0.749555
634 209 0.749208
634 209 0.496564
636 209 0.554254
# id 1
630 209 0.835427
634 221 0.906558
630 221 0.792141
620 233 0.651806
618 243 0.679294
638 219 0.828566
646 231 0.789262
648 243 0.789721
632 245 0.87907
632 268 0.810194
634 286 0.719452
638 245 0.857381
636 268 0.823136
638 288 0.76295
628 209 0.530854
632 209 0.8779
634 211 0.118035
634 209 0.938101
# id 1
622 209 0.833039
632 223 0.914445
628 223 0.790204
620 233 0.535392
618 245 0.536078
634 221 0.878905
636 231 0.819601
634 245 0.774168
630 245 0.845322
622 266 0.821973
628 288 0.752094
634 245 0.838661
634 266 0.812098
636 288 0.761103
622 209 0.459099
626 209 0.837535
632 211 0.0579727
632 209 0.945185
# id 1
620 211 0.835351
630 225 0.875633
620 225 0.82186
618 237 0.608622
618 247 0.566144
632 223 0.879663
636 231 0.827327
634 243 0.833703
624 248 0.784949
620 270 0.841027
618 288 0.830255
634 248 0.830804
634 272 0.850353
640 288 0.72717
618 209 0.673674
620 211 0.826528
628 211 0.120198
630 211 0.798386
# id 1
616 213 0.831192
620 225 0.917584
618 225 0.845028
616 241 0.488313
616 248 0.43519
628 225 0.881012
632 237 0.801327
628 247 0.745678
620 250 0.793482
616 272 0.806998
616 290 0.684415
630 250 0.825874
632 272 0.877091
634 288 0.708863
616 211 0.608948
618 211 0.877894
618 217 0.0833783
620 213 0.8025
# id 1
614 213 0.828799
618 225 0.973637
614 225 0.847372
607 241 0.558287
605 250 0.472973
622 225 0.86412
628 237 0.807335
622 248 0.755539
616 252 0.810853
614 272 0.825525
614 292 0.747297
622 252 0.798534
626 272 0.822264
632 288 0.753147
612 211 0.619789
616 211 0.884143
616 215 0.1306
618 211 0.874011
# id 1
607 213 0.776173
616 225 0.96151
610 225 0.830665
605 239 0.592026
601 249 0.606995
618 225 0.915027
622 237 0.815595
620 250 0.751243
612 252 0.797446
612 272 0.807316
616 290 0.749523
618 252 0.847385
616 272 0.867799
620 290 0.755668
605 211 0.527362
610 213 0.808801
616 215 0.0976845
616 213 0.903995
# id 1
603 213 0.764412
610 225 0.914971
605 225 0.850691
603 239 0.561698
601 249 0.543498
616 225 0.936736
618 237 0.796429
616 250 0.790854
608 252 0.779297
608 272 0.792843
614 291 0.731712
616 252 0.825775
614 272 0.827737
616 292 0.781929
603 211 0.495671
603 213 0.819775
610 215 0.793321
610 213 0.793321
#